Processes Matrix (WT, TA, WTA) 
 
  1 21.5 41.718199999999996 2.0633983242820824

  2 86.0 97.8791 8.23960569403406

  3 43.5 64.64529999999999 3.0571947430398243

  4 181.0 201.8385 9.685845910214267

  5 105.0 120.9254 7.593240986097681

  6 79.5 85.2964 14.715409564557312

  7 147.0 161.0952 11.429082240762813

  8 42.0 43.0663 40.38853981055988

  9 160.5 181.1056 8.789144698528556

  10 75.0 79.0067 19.71864626750193

  11 98.0 105.1289 14.746861367111336

  12 130.5 146.6831 9.063967966582423

  13 0 20.8039 1.0

  14 121.5 129.8267 15.59161492548068

  15 65.0 75.6945 7.0778905044649125

AvgTA= 103.64758666666667
AvgWTA=  11.54402953354785